$ANSIBLE_VAULT;1.1;AES256
65346134346263396263636265626238303533316664306539626333306131613034393738653565
6638656566623764363839363563616632376238306539660a333933336634346666633835343239
33633933393163393638316637636232653565613131623166333438356639373037326537303731
6632613232666234340a376532613636323862333633616434633434393331616435613932336663
61373365396136333437333732383834383130326165363235303136333535653230353062653837
33333865626561623539656363346634346136633461303065303834363030626430643264373062
64356262303062333038663463313665646233343030303531393363343630376637306138386461
31653331383331616166393533653831633538643437343265633732656438643139383666613363
39313935626538303336376330633562326263373736306164613066623865343566353134336237
36323330386532383732643131613030316434653462663131356462353732383439373161333461
62333034613263663238373261653430343163616664306434376534383364323962303633326463
34306162346265333333373966343635623864393464373361653262666237316238363838633030
64343234303865303836653231656534663536613065336431323930303332306266643635636639
39623635646637663265303938633132656335353536373265366139636330623231333165363366
34393961316537336635353031323933366462336263656530613734333736366464656638356638
32643334653030633863333262393932343131623064323164653665366131663564333633323066
63343761643261643833356633656336386262636335353466646236666532383238656139366233
39616463623564616461633762353932326439623633363735663434666565313066366431646361
31633032343335303037346264666231653039313564633735616539643531373232333034613363
38323230346334653030366666643232326561346165376531353735636131393036303532383966
35633139383932656462343031633466356337613034333333636137623439613536626232643134
66353232376230306264633830383966303838623037346534353161386563303931386331366339
38636533343337343261333136396665396337633332376536653331643734626532366164333139
39666436653366333430363833343036343832343065363330366666656362316161353935646638
32356534363137396639383062613262316637323539653739656333646366333662613965316533
64613134663537333434376638616538353165353664316464333061653038333430336661396537
32363634356561343937363161633834353539626134653863346166373835313832366462373937
66373565363135303432376433346362316534633163653362633436393464333136366636633537
32613134393736666264316463356333306435373231353462323066343366363331353564373339
32373463386430313563663938336137376465633361343064396537366461363432303832353061
62616232613837396237303836353032393261363534613662333732363633633236313532343263
36333936343230656336363131353766303935366533663737616136663963363264396637353531
33623832663862373863343231376661336635393630396535353333366430393063616264386537
66646238643563653134346132626435633139373837663634323861376263373362366336316637
34313162366264363763653536383330353730303332363334333965663230313664626532366463
63313162323363653333396430656661316366653961653638616430353466363832623334366230
65343164346361383136376532353562333638346662646563353539316265656164613630386262
33383035666634393265383162393864336135353831666564636239323964346137316461343366
37313361393663386535346164356132623538326137333131366366626461326238363936326264
35356535653765633034653766653232393237633532633365656164663437386531353335306636
31393463396433396334663963373531643535336664663639313131356661613765303630666136
34653063366231333731613031623937346636323432666530616134393737303032626439343562
37666134646435613231366437336435363534356363326462623330336665303935626133616430
30336463653766396631356164346531636230393665653466646564363531353631626464336235
63616361653464613235623862373065323964303733333838396566373964396336656531636166
34353533373639663365623366656561393836633065363230373936306435323939343439316335
32356561313836386631653637306635383439396465386161373464366366633964363662363361
62313336353661383136363833646536633464653037626537663633633433656536386535663939
36396639346331326430386437343339303432656130613736666238303462626431336431646264
34383866646266623033316131643761636633383336346662633263653864316134646138653435
30363535616333323830643666333033616663666666306261643862303237353962333538313638
30613866303439613235386634343938336438616436393333343438303639396565613965656431
39393138373737323665303537393738643633643666393034613330636364626233383639313539
64613235326262633833303363373133656638326164313535393339633238343032343939626634
37363363653964643862656334356565363031663231323734393239633532653032613036626665
34336466323761313932623639383432383334326130343835663934343032323161653530323430
63336234343463666263343539353835316536336239636233356330323963323534646262336436
32666437353535663635363834396239376539643234323165646165613039313234363538373664
33396566376233646561613935383838363461343466663634356336356233646565396134363438
62363733333962383464353462613939663431383866626139326437643962336537626662636364
62313035353738316230366363323030353232663462663162336531343361353936346533393632
33383534333966306332313731643635363464663732383932353030336234383562663538653939
64623733353062656166636133303532393432313230616230313439656133306134313833336464
36633765373831336338363362373434316434336433613632396561326230306639303464666638
61613461323235626630343932363838303434656330626433323938653036633733326433373731
36656438343661623964346535616137653036663464633839343238383762626161653566373361
65316431323564393832373437376165636532383834633665303532346265646666313130313737
32376665306462396236633733306530386630313736373738663236666664633633383633663133
31353739336233333532376165373566343733663662373764666330356130373236363039343461
63353831623831373266623732656465396635343735653537316433393432353566623135346330
64643936646332666233383161333762306138356130653434386361343362316264646363326338
62653761383637323838333536663638363339353137646333613332326236343939313266333836
64653130373431393332336435373335393634343131316535313732316265626662383535626662
39323039373364323030316562656639333762376438366238346233383362396531623238616434
32306132313365646232363537336263373265383364663430303261653665336330366163633030
65636466353166316564313938653761303233316366616661336336373830636332626263623838
63333064393065313962633532336336663733376130613664353063396330346637333830376438
39343831633564306330313664313463326235333935346336326432616538613237353063393832
65303264613639353363316661373931373939313532313062326238333266393366633161663333
61373963333737383164356533643564646134653334383966356266623362346366343834313234
66396135336232396337643237343538613863663238323237396535343038373531376539303234
32306361303435343061336334643761616238383230363733663835663034303737336664386431
32356334376131623964333130643230616561666164623635316164313339313538333334356263
35636532356532653637396638663237386434326333373538346637303461376366323432326262
39376463316534626261353764643738666238353236616666326662636466313139393162333766
31643734393662386137323662303338393066653437613038616462346365313061666665353238
62656361383666636238616530396336363037393731313137623738333436623034663733386264
39313564373663613335373630623664333437306138336262653132343236643130663434666335
64333337343265633565323562356561363865316230363038616462636266666537356632633964
36343630303030356134373731653262333863616130303166313463626532356136653130356362
65613535356232343563336364363163633135343332643231313331313835303431613265323664
35373037626430326361663663633832666463653830383262393062366466303932346163373964
65303135666339623939663030323939663832316661366230373631356633383934383731363662
32646165613636383832363837613035356538363466396135633430383766623137306165303231
36643432623461376161343362313439313963323436386233303837653563386162623130383862
61666636626632663735323436376531396439643936393539393965336339636463373663653831
61396236613632393333623335366131613966373763313064363538356461313437653862626233
38616265333833666465306561616237383136306463346663613561346564633932326263623936
39653761383838383139363530653137616663386665633666653264386437383164356335653034
35396232613935306461646130616662633134383734333663663131363933313566343564346663
34636333333361396530353034346335663364356431313136323330323864663863373839636565
31373666303034323635393737323135323264656239623435613665303933646436663432313832
61346536343166393031636332376466363966366134366166396565626435373039323938323966
63646630633061613333663865316636313431626134643134333466323930373166326235313735
36303632366563316566666464633565386262313863623136633637346533613466663738383738
63353836663065653263363934643263346436656462643135656432633630616331626239303437
66303634643332326264303735386663353731653733366232363366623763333138643963353737
66353139353663326136373030326431303238343261623133333934306137333936663266663736
65646561623863383837363236333932353237663738373736363561643836636337333863396231
65326439323535386265316538363937343464316163313665326336303038643636643938353963
38313332376437376134393763653437656433383764356561393939313133643430613839623464
37333039646665306537666663333866343832333433656430313530393630303330393666653531
35356362353331366235653038303337613666396432363339623264633432356339623436363561
31383736336534306430373733636634373934373930333036313339343838653762373765376235
65633861346434333366633832316633663836346263666632306139323666303736356438666562
64356532656130366635356162643365613466323965333335316465616136316637663162613938
31313230666466396233393539666532373561393833653662373731386465323934306362353732
34663462666238636136663732343430356466663964646661313962316161326161653133623333
62356430306366323764383466613532633666393834663135653839663466313230333631363331
65643062643430386261636633303662623433323661383365363130323631373936336436303933
65623635356661326336653138626132646162306632656337326165363934326332356162613063
63393135616539316238363463653364643832343130383566363266316435313739336537303535
37316439623836663130346133393738303035383364326539313366336131326162623933313066
63663032396666663563306631616239323439653336393035623731343930306432386263636661
33353338343735356235386263353136626530383734326630613164366237353037386666356331
32393339666339393161383163623632356438313838316133303334336161666537633634643332
63326439323830323133376435613032396461623434633438643465646637303632626134666533
65643630376636613937326134633664633462653964623939613866653334323539303163656633
63656662303162316663653031356639396463336663643262326464393530613635366130383030
61303230643930386161383236643266386336363661343066373738313964383431346433366630
63326366356265376536633139346530326232393961316534333064326135316439373034666338
30623364346331643466353863346630353431363363383031623366386636306565623437643438
39306231373537303236623031393962643763303964613135613134386235346336616533613661
61333662336363323965653131646537323639343136366436353136353663346361353133643562
333565343665663536363732323434613235
