$ANSIBLE_VAULT;1.1;AES256
63646339616238656135346334386264376561303031323864303437613664653230623933353231
3330333738353265363836346333306332353261663537610a613664653433623261316264353139
65633938353437666438636131636164343038336435356266616537303936336331306638656530
6565353563636336310a303362616239643537336562303766323566376461613831323831633265
39303837303065343135386364343139323832313165666535646339313937376635303466366235
34333165623161396332326636393938336439333036663265393963353937656261366635613032
33613937363431346334376162356530386364656265323066336130333962343336396133636564
63323739623539613665636365346466663838613766656435323936643132316532663365363365
61613032366235666566656136313838346666373935653433343063353737313734376530663636
65326237376639333733303332326635323031323965323732303162613537326333316538346666
62613933383232386665333536623734303263653134616139666136303432363461363064303565
30393135666436623735616231363636613930386433666537663835666163633331376534316462
31303733646437666133323133373230346135393231653264353162663039643431663631323935
32323166393534366662643131623065366333613964393838393465326336373538646533613062
62313461383166313238643566616332636266316364663932656631366438643139613262656539
30313333373435633864383866346261663831326534633439343932303861666639623165303565
61386436616430373937393134653437653564353035333863363462633664353831353564396162
34383964316131396236383363323266626330346261363235373035643938363263373530623635
32376362343832373631623735306434626161363731333862666434653661633431343962313266
64396133643533343362316331333435393238373439633234663534346534663463326433376566
33343136656262336130363736393661346337636661363534636231333264366636343936643631
37373966633033656539313230643236656133356138353137633436323036306561313232373432
33373735393039393130353132396534373733326439343065376438393134373164343534666166
66663663613264656233363938383834306436303638323461343231356634663435393561333430
33666165303830653562633663386239383566376439626565656430363534383262373766356237
66663238346439636536346365393639366635376264323234653066663337633038656561663664
33656165313831383033663935643766373730316235643839373139636338323262393931383261
34363763343235353730643330613538663039656661383637626366616465356162633362373366
33623337333236363466666534623639613039393339353733636563353131613138633264636633
30613339336533643465386436343632303333343462643036666137623937633036366163653961
33653035666465633563393939373262663937373935376461666435643634383230393266663632
66643339346662333665373432366661383064653033326139356633643634616266373935316530
37613937613734333932656262653836656534373739333139613061316133323063316331383365
66616565313931626638633031343966373130616137633939643432353866643161393161623333
38396565363432613164383235633432623837366666396563613238633133333938643237616132
30333733316537366237643036616635386335363937633835636163636638303531636533666263
61663433373033363966613764366138366138666637346465633464313166653635613030623837
30386339653233333931613031643935393264653836386236616639356563316263376432376365
31376530343535333831666630663033613365343138313131376163646366663632613964366330
30663563616165376236376565653666653436393361663661386363366232663565636264626531
30373363373638613339386266313537613335343366323731646663396232643037393166376163
38653733613162656638626631366361666139653166346339663439626234616533313737353966
39373333343430383934383965393631626234336632376166623663373866316538383763636531
38616164356137373833363364663463626462626139323532613538363738646533623733383636
61666238306465616535356138303339613838313335636238653438366263363530363639343831
39326132366665363066366465383633303062626536636339623065383933333738373936623639
36616338363931663536313835613862633535323661333163373162636365626662663234663835
32383839636233393765323266336539306638643731623233316266393765373663306566633566
39626432376330633036346561633864313633356463333134333664643230356534306531376337
30623062623234343539306432323866626638323963323166623865646537303437343330653931
37363636366437396238633861323432303537356635663262353065353036313565396562663764
38653836363037303937303832303836386133633938326364383563336335306633383934333636
32333933323563376438383638393739383439326361393166666338633032386339323935353363
65353763383831303263356666623837356439383966643963336636313937376436393363633430
61656239383163383331326439346332636338363336323166643861353635636435383461636364
36396165653231396132663036666561623939343737643866656638313233333833613531623862
62663066396137383762623830643038383765653031643565643663633732643838653636303339
38633436636662323464346236373530376663363430623863303666313336626461663730356130
36616430653035376537323438613465313961346436313664643061656564363635333734663463
64373062306430626462363631646535326232346564383039336462386661653636336330333530
65636531633338353766636164633462356235663165653531356533653834363636303032306466
38646536333635306233323138616162616231303335633035626361343461626130383562343130
39383162353138626535366633666438363436646661376130613831323533323464343865316238
35326131303432616264376530316335633133356433616566323863336462366539363832363834
62636131396538643739323765333332613762353666343530376431613439353335343063336662
65383233313134326637353034336363363332653363623330633862326664623638613437656438
35303032343437336161363565363836343562393866646331383861633136373531303234613639
34623465393335356133363566323165336463303930386237356366343036336661396636326535
66333864636436653735643235326537323866616430633365393930643437363762373435373939
63376334386236663231366363363631643933336338353238326230373965356335306265323038
63636266656531653032633635633961313637363931666634636534353762333438313635303937
34356638643032353938643165333666643961643934326537643236376563343964393031393435
34353338336336623764363963393338646563386132313465356438376237323939343163356565
66303061363432633865313036636464306463653032643438303330333466653836343565653833
31346332663230363862656538343665383361303336643938643533353132383066633931646534
34333862316463656666303462363266306230303963666561653266333038633162393966333134
32636334396163363336633561353935663638313963316465353130346135393331383764376136
30323466373964646437643932333634373965633465646461613135306562306233616239336335
35623232396539353063343232643834353637623037343037386162303737323432303062633436
35623439653561336139626265316665613133326636386235326238616636363765386332386230
36663939363631643030306165663136373338356236613833633062653162653239643430323139
39376435326239343865376163623065643764376366333934356531333036326234613031366564
30666531666639646234656137356461643033313662393838653062336562336631353139656535
62666539316234656330613635653137303934646136653262346237303062333563356661663465
32343734646635386462323363373362396139666230366162346465353362626666353962663164
63333439653937303566356137663263393962643761306263393536333965383237346565633539
37633330663238333137376233343336386539646632623439303563326137646239643231613166
61383531343135316461616431663365363235653538376139323734646630306532646137386237
61353934663338396135633662313238323736363162633539666663383063306264623765393035
35343133343664393836383962383039343661333462366332323334613532376665353035376139
64613661353131316639366637653264316365363635366237323938646235333434353161306333
63376537363739643366373630363039323333333434366362626337313830656432326131313537
61333238613935313031656363363661383662626334326133303065626361623131663565333135
64343363663466313135366636656338386233613064653432363030376332396464623362383565
34636338323662323132656463393362663666663439633630303330343665643130643266306538
33373338626464376361643963323936626163626531666631393636636532356338376565333463
64643635343838333332316234633064303833376661613264323835336664386532353930626266
62383137393963626236383431383239366530346137663634306361316233336233636336653235
63303161616138366661653461616637323935383037353163663239353361366165666337613431
38643439353933643562346337393336306634306461663531363662383563376338366663363462
32396532343538356133316530386663323165646534383363343034663235306132313738356238
62636638623333623333343638613463373163386566663330373934393162616265666535613237
65333361373763373931383433383864356332323237386261323633343038346634393633316435
34346336326237313337623461383436383363363337306238333338306666636439346533666535
66336462316133613764356464316465393266626538383338373734353838666239326138643739
66616164653265373365326465626261396533376465316263383065613037343932363464613465
32613465346561323763323130666432656666376438333631616338323438383663326264633831
35646338626662376433383835303431396564396566356238373336323035346563613761646564
66383862313634396138353262636336636362373933313837396239386137303534633833393035
30636362333037396263333438663361623263346338346136666530326163313731646364633662
32633830643532313137663534383966376461333866623661623062333665353934643366343634
65643166356566333239303034303665343461393065323566353439373430326262613966336131
39616366326163343865653932336362653031356237373561376137633064643331623365383363
37643564353038636338376262656661643934316561633537386265383263626233623937343963
62626433633633653435623064633232343362653931623636623565373164326431633065343538
62366630623830633464643631336463613066656431393338366536366562323431373865643233
34656663643538626538386534393933636236383963623761366130343264326132346534343864
62663831636235333139663962633334613731336633636362633064383765366563356664323461
33303263323531373164336134313837366638663735653530373234343632386163346262306139
32663663376331316261616537396531383936313466663531396638646564333338396637306362
61323834333533353566366264313439313932626331616439313931336133323037633166313461
31373830613263333539616530616661396163376236323736393036623662336635393939363035
38303033356330643662323438643539646464373265643032316437613439613236383536333437
62333030373231343233306638303033616164376531353731616661666265343032643066356639
35653439393531376161663939336536646531666637613332323030356262353638616633623239
33316335336362306162363538313765393561353337643830646536626262356438373630363631
63313464666437626531663864306437656630356362363234643731643532386163353735376230
61353732623262653830393733633365386536633661633638383436623536363261343034633964
31353634366266383239303238633233323462663934316530343137396537383961333030616262
34323437396135643233663665656130336665386436396439333432393763313538313538393032
61383036643763656137653036306366336237653734306164346635653935333534653232666566
31393732633361613766373033393531633635333038613436623037663365333562383861363535
31376664333363333935353430643935333638353731373862633861386231306561366338623732
36643736623932663233613035383238323665343565626230393533393862653235336635393436
353266343736303662643965663566613136
